Namespace(seed=3, GPU_to_use=None, poly_p=4, poly_n=2, activate=True, teacher=5, epochs=10, batch_size=40, lam_c=1, lam_f=1, lam_s=1, lr=0.005, lr_decay=20, gamma=0.9, lasso_neighbor_num=100, lasso_node_num=10, num_workers=0, network='sbm', ode_model='Gene', time_stamp=1000, time_interval=0.01, num_atoms=1000, dims=1, save=True, decoder='DGSI', adjoint=True, agg='add', UseEdgeAttr=False, UseLasso=True, dont_use_encoder=True, lr_z=0.1, save_folder='logs', expername='', sym_save_folder='../logs', load_folder='', no_validate=False, no_cuda=False, var=0.001, invariant=True, test=True, device=device(type='cpu'), cuda=False, validate=True, use_encoder=False, time='2025-03-30T162940.778697', root='D:/QMcode/sign_all/SIGN_lasso_1d_lowrank/SIGN_data/Gene_1000_sbm_0.01_1000', num_GPU=None, batch_size_multiGPU=40, log_path='logs\\2025-03-30T162940.778697')
0 train	 	loss_wc 0.9800309539 	loss_wf 0.9832754731 	loss_mse 0.0011870913 	loss_mape 0.0012544476 	loss 0.0011870913 	inference time 1.3672692776 	
wc 0.0000 	 0.0000 	 0.0000 	 0.0000 	 0.0000 	 0.0000 	 0.0000 	 0.0000 	 0.0000 	 0.0000 	 0.0000 	 0.0000 	 0.0000 	 0.0000 	 0.0000 	 0.0000 	 0.0000 	 0.0000 	 0.0000 	 0.0000 	 0.0000 	 0.0000 	 0.0000 	 0.0000 	 0.0000 	 0.0000 	 0.0000 	 0.0000 	 0.0000 	 0.0000 	 0.0000 	 0.0000 	 0.0000 	 0.9800 	 0.0000 	 0.0000 	 0.0000 	
wf -0.0033 	 -0.9800 	 0.0000 	 0.0000 	 0.0000 	 0.0000 	 0.0000 	 0.0000 	 0.0000 	 0.0000 	 0.0000 	 0.0000 	time: 1.3673s 	
-0.0033 * 1 + -0.9800 * x^1 + 0.9800 * x_j/(x_j+1)
1 train	 	loss_wc 0.9900313020 	loss_wf 0.9729186296 	loss_mse 0.0069965688 	loss_mape 0.0016017790 	loss 0.0069965688 	inference time 1.4844274521 	
wc 0.0000 	 0.0000 	 0.0000 	 0.0000 	 0.0000 	 0.0000 	 0.0000 	 0.0000 	 0.0000 	 0.0000 	 0.0000 	 0.0000 	 0.0000 	 0.0000 	 0.0000 	 0.0000 	 0.0000 	 0.0000 	 0.0000 	 0.0000 	 0.0000 	 0.0000 	 0.0000 	 0.0000 	 0.0000 	 0.0000 	 0.0000 	 0.0000 	 0.0000 	 0.0000 	 0.0000 	 0.0000 	 0.0000 	 0.9900 	 0.0000 	 0.0000 	 0.0000 	
wf -0.0029 	 -0.9700 	 0.0000 	 0.0000 	 0.0000 	 0.0000 	 0.0000 	 0.0000 	 0.0000 	 0.0000 	 0.0000 	 0.0000 	time: 1.4844s 	
-0.0029 * 1 + -0.9700 * x^1 + 0.9900 * x_j/(x_j+1)
2 train	 	loss_wc 0.9833225608 	loss_wf 0.9797697067 	loss_mse 0.0015261956 	loss_mape 0.0012634847 	loss 0.0015261956 	inference time 1.0792119503 	
wc 0.0000 	 0.0000 	 0.0000 	 0.0000 	 0.0000 	 0.0000 	 0.0000 	 0.0000 	 0.0000 	 0.0000 	 0.0000 	 0.0000 	 0.0000 	 0.0000 	 0.0000 	 0.0000 	 0.0000 	 0.0000 	 0.0000 	 0.0000 	 0.0000 	 0.0000 	 0.0000 	 0.0000 	 0.0000 	 0.0000 	 0.0000 	 0.0000 	 0.0000 	 0.0000 	 0.0000 	 0.0000 	 0.0000 	 0.9833 	 0.0000 	 0.0000 	 0.0000 	
wf -0.0026 	 -0.9771 	 0.0000 	 0.0000 	 0.0000 	 0.0000 	 0.0000 	 0.0000 	 0.0000 	 0.0000 	 0.0000 	 0.0000 	time: 1.0792s 	
-0.0026 * 1 + -0.9771 * x^1 + 0.9833 * x_j/(x_j+1)
3 train	 	loss_wc 0.9768052101 	loss_wf 0.9865337610 	loss_mse 0.0024371741 	loss_mape 0.0014269385 	loss 0.0024371741 	inference time 1.1039111614 	
wc 0.0000 	 0.0000 	 0.0000 	 0.0000 	 0.0000 	 0.0000 	 0.0000 	 0.0000 	 0.0000 	 0.0000 	 0.0000 	 0.0000 	 0.0000 	 0.0000 	 0.0000 	 0.0000 	 0.0000 	 0.0000 	 0.0000 	 0.0000 	 0.0000 	 0.0000 	 0.0000 	 0.0000 	 0.0000 	 0.0000 	 0.0000 	 0.0000 	 0.0000 	 0.0000 	 0.0000 	 0.0000 	 0.0000 	 0.9768 	 0.0000 	 0.0000 	 0.0000 	
wf -0.0024 	 -0.9841 	 0.0000 	 0.0000 	 0.0000 	 0.0000 	 0.0000 	 0.0000 	 0.0000 	 0.0000 	 0.0000 	 0.0000 	time: 1.1039s 	
-0.0024 * 1 + -0.9841 * x^1 + 0.9768 * x_j/(x_j+1)
4 train	 	loss_wc 0.9745778441 	loss_wf 0.9893870950 	loss_mse 0.0044624242 	loss_mape 0.0015892198 	loss 0.0044624242 	inference time 1.0721125603 	
wc 0.0000 	 0.0000 	 0.0000 	 0.0000 	 0.0000 	 0.0000 	 0.0000 	 0.0000 	 0.0000 	 0.0000 	 0.0000 	 0.0000 	 0.0000 	 0.0000 	 0.0000 	 0.0000 	 0.0000 	 0.0000 	 0.0000 	 0.0000 	 0.0000 	 0.0000 	 0.0000 	 0.0000 	 0.0000 	 0.0000 	 0.0000 	 0.0000 	 0.0000 	 0.0000 	 0.0000 	 0.0000 	 0.0000 	 0.9746 	 0.0000 	 0.0000 	 0.0000 	
wf -0.0022 	 -0.9872 	 0.0000 	 0.0000 	 0.0000 	 0.0000 	 0.0000 	 0.0000 	 0.0000 	 0.0000 	 0.0000 	 0.0000 	time: 1.0721s 	
-0.0022 * 1 + -0.9872 * x^1 + 0.9746 * x_j/(x_j+1)
5 train	 	loss_wc 0.9761419892 	loss_wf 0.9884760380 	loss_mse 0.0034437459 	loss_mape 0.0014812559 	loss 0.0034437459 	inference time 1.1027295589 	
wc 0.0000 	 0.0000 	 0.0000 	 0.0000 	 0.0000 	 0.0000 	 0.0000 	 0.0000 	 0.0000 	 0.0000 	 0.0000 	 0.0000 	 0.0000 	 0.0000 	 0.0000 	 0.0000 	 0.0000 	 0.0000 	 0.0000 	 0.0000 	 0.0000 	 0.0000 	 0.0000 	 0.0000 	 0.0000 	 0.0000 	 0.0000 	 0.0000 	 0.0000 	 0.0000 	 0.0000 	 0.0000 	 0.0000 	 0.9761 	 0.0000 	 0.0000 	 0.0000 	
wf -0.0019 	 -0.9865 	 0.0000 	 0.0000 	 0.0000 	 0.0000 	 0.0000 	 0.0000 	 0.0000 	 0.0000 	 0.0000 	 0.0000 	time: 1.1050s 	
-0.0019 * 1 + -0.9865 * x^1 + 0.9761 * x_j/(x_j+1)
6 train	 	loss_wc 0.9796156883 	loss_wf 0.9856186509 	loss_mse 0.0016183641 	loss_mape 0.0012364422 	loss 0.0016183641 	inference time 1.4319415092 	
wc 0.0000 	 0.0000 	 0.0000 	 0.0000 	 0.0000 	 0.0000 	 0.0000 	 0.0000 	 0.0000 	 0.0000 	 0.0000 	 0.0000 	 0.0000 	 0.0000 	 0.0000 	 0.0000 	 0.0000 	 0.0000 	 0.0000 	 0.0000 	 0.0000 	 0.0000 	 0.0000 	 0.0000 	 0.0000 	 0.0000 	 0.0000 	 0.0000 	 0.0000 	 0.0000 	 0.0000 	 0.0000 	 0.0000 	 0.9796 	 0.0000 	 0.0000 	 0.0000 	
wf -0.0017 	 -0.9839 	 0.0000 	 0.0000 	 0.0000 	 0.0000 	 0.0000 	 0.0000 	 0.0000 	 0.0000 	 0.0000 	 0.0000 	time: 1.4319s 	
-0.0017 * 1 + -0.9839 * x^1 + 0.9796 * x_j/(x_j+1)
7 train	 	loss_wc 0.9836371541 	loss_wf 0.9822461605 	loss_mse 0.0011246587 	loss_mape 0.0010844081 	loss 0.0011246587 	inference time 1.1460344791 	
wc 0.0000 	 0.0000 	 0.0000 	 0.0000 	 0.0000 	 0.0000 	 0.0000 	 0.0000 	 0.0000 	 0.0000 	 0.0000 	 0.0000 	 0.0000 	 0.0000 	 0.0000 	 0.0000 	 0.0000 	 0.0000 	 0.0000 	 0.0000 	 0.0000 	 0.0000 	 0.0000 	 0.0000 	 0.0000 	 0.0000 	 0.0000 	 0.0000 	 0.0000 	 0.0000 	 0.0000 	 0.0000 	 0.0000 	 0.9836 	 0.0000 	 0.0000 	 0.0000 	
wf -0.0016 	 -0.9807 	 0.0000 	 0.0000 	 0.0000 	 0.0000 	 0.0000 	 0.0000 	 0.0000 	 0.0000 	 0.0000 	 0.0000 	time: 1.1460s 	
-0.0016 * 1 + -0.9807 * x^1 + 0.9836 * x_j/(x_j+1)
8 train	 	loss_wc 0.9869585037 	loss_wf 0.9796625972 	loss_mse 0.0020056767 	loss_mape 0.0011689326 	loss 0.0020056767 	inference time 1.4508225918 	
wc 0.0000 	 0.0000 	 0.0000 	 0.0000 	 0.0000 	 0.0000 	 0.0000 	 0.0000 	 0.0000 	 0.0000 	 0.0000 	 0.0000 	 0.0000 	 0.0000 	 0.0000 	 0.0000 	 0.0000 	 0.0000 	 0.0000 	 0.0000 	 0.0000 	 0.0000 	 0.0000 	 0.0000 	 0.0000 	 0.0000 	 0.0000 	 0.0000 	 0.0000 	 0.0000 	 0.0000 	 0.0000 	 0.0000 	 0.9870 	 0.0000 	 0.0000 	 0.0000 	
wf -0.0014 	 -0.9783 	 0.0000 	 0.0000 	 0.0000 	 0.0000 	 0.0000 	 0.0000 	 0.0000 	 0.0000 	 0.0000 	 0.0000 	time: 1.4582s 	
-0.0014 * 1 + -0.9783 * x^1 + 0.9870 * x_j/(x_j+1)
9 train	 	loss_wc 0.9886532426 	loss_wf 0.9787755609 	loss_mse 0.0027220494 	loss_mape 0.0012052386 	loss 0.0027220494 	inference time 1.2138426304 	
wc 0.0000 	 0.0000 	 0.0000 	 0.0000 	 0.0000 	 0.0000 	 0.0000 	 0.0000 	 0.0000 	 0.0000 	 0.0000 	 0.0000 	 0.0000 	 0.0000 	 0.0000 	 0.0000 	 0.0000 	 0.0000 	 0.0000 	 0.0000 	 0.0000 	 0.0000 	 0.0000 	 0.0000 	 0.0000 	 0.0000 	 0.0000 	 0.0000 	 0.0000 	 0.0000 	 0.0000 	 0.0000 	 0.0000 	 0.9887 	 0.0000 	 0.0000 	 0.0000 	
wf -0.0013 	 -0.9775 	 0.0000 	 0.0000 	 0.0000 	 0.0000 	 0.0000 	 0.0000 	 0.0000 	 0.0000 	 0.0000 	 0.0000 	time: 1.2138s 	
-0.0013 * 1 + -0.9775 * x^1 + 0.9887 * x_j/(x_j+1)
-------------------------------- 
--------Testing----------------- 
-------------------------------- 
loss_wc 0.9836371541 	loss_wf 0.9818227887 	loss_mse 0.0011247507 	loss_mape 0.0010432786 	loss 0.0011247507 	inference time 1.3518431187 	
wc 0.0000 	 0.0000 	 0.0000 	 0.0000 	 0.0000 	 0.0000 	 0.0000 	 0.0000 	 0.0000 	 0.0000 	 0.0000 	 0.0000 	 0.0000 	 0.0000 	 0.0000 	 0.0000 	 0.0000 	 0.0000 	 0.0000 	 0.0000 	 0.0000 	 0.0000 	 0.0000 	 0.0000 	 0.0000 	 0.0000 	 0.0000 	 0.0000 	 0.0000 	 0.0000 	 0.0000 	 0.0000 	 0.0000 	 0.9836 	 0.0000 	 0.0000 	 0.0000 	
wf -0.0011 	 -0.9807 	 0.0000 	 0.0000 	 0.0000 	 0.0000 	 0.0000 	 0.0000 	 0.0000 	 0.0000 	 0.0000 	 0.0000 	
-0.0013 * 1 + -0.9775 * x^1 + 0.9887 * x_j/(x_j+1)
