Namespace(seed=3, GPU_to_use=None, poly_p=4, poly_n=2, activate=True, teacher=5, epochs=10, batch_size=40, lam_c=1, lam_f=1, lam_s=1, lr=0.005, lr_decay=20, gamma=0.9, lasso_neighbor_num=100, lasso_node_num=10, num_workers=0, network='dscm', ode_model='Gene', time_stamp=1000, time_interval=0.01, num_atoms=1000, dims=1, save=True, decoder='DGSI', adjoint=True, agg='add', UseEdgeAttr=False, UseLasso=True, dont_use_encoder=True, lr_z=0.1, save_folder='logs', expername='', sym_save_folder='../logs', load_folder='', no_validate=False, no_cuda=False, var=0.001, invariant=True, test=True, device=device(type='cpu'), cuda=False, validate=True, use_encoder=False, time='2025-03-30T163014.678060', root='D:/QMcode/sign_all/SIGN_lasso_1d_lowrank/SIGN_data/Gene_1000_dscm_0.01_1000', num_GPU=None, batch_size_multiGPU=40, log_path='logs\\2025-03-30T163014.678060')
0 train	 	loss_wc 0.9800000191 	loss_wf 0.9800001979 	loss_mse 0.0000000131 	loss_mape 0.0000612244 	loss 0.0000000131 	inference time 0.3855767250 	
wc 0.0000 	 0.0000 	 0.0000 	 0.0000 	 0.0000 	 0.0000 	 0.0000 	 0.0000 	 0.0000 	 0.0000 	 0.0000 	 0.0000 	 0.0000 	 0.0000 	 0.0000 	 0.0000 	 0.0000 	 0.0000 	 0.0000 	 0.0000 	 0.0000 	 0.0000 	 0.0000 	 0.0000 	 0.0000 	 0.0000 	 0.0000 	 0.0000 	 0.0000 	 0.0000 	 0.0000 	 0.0000 	 0.0000 	 0.9800 	 0.0000 	 0.0000 	 0.0000 	
wf 0.0000 	 -0.9800 	 0.0000 	 0.0000 	 0.0000 	 0.0000 	 0.0000 	 0.0000 	 0.0000 	 0.0000 	 0.0000 	 0.0000 	time: 0.3856s 	
-0.9800 * x^1 + 0.9800 * x_j/(x_j+1)
1 train	 	loss_wc 0.9899530411 	loss_wf 0.9702417254 	loss_mse 0.0000003689 	loss_mape 0.0006024456 	loss 0.0000003689 	inference time 0.4916841984 	
wc 0.0000 	 0.0000 	 0.0000 	 0.0000 	 0.0000 	 0.0000 	 0.0000 	 0.0000 	 0.0000 	 0.0000 	 0.0000 	 0.0000 	 0.0000 	 0.0000 	 0.0000 	 0.0000 	 0.0000 	 0.0000 	 0.0000 	 0.0000 	 0.0000 	 0.0000 	 0.0000 	 0.0000 	 0.0000 	 0.0000 	 0.0000 	 0.0000 	 0.0000 	 0.0000 	 0.0000 	 0.0000 	 0.0000 	 0.9900 	 0.0000 	 0.0000 	 0.0000 	
wf 0.0000 	 -0.9702 	 0.0000 	 0.0000 	 0.0000 	 0.0000 	 0.0000 	 0.0000 	 0.0000 	 0.0000 	 0.0000 	 0.0000 	time: 0.4917s 	
-0.9702 * x^1 + 0.9900 * x_j/(x_j+1)
2 train	 	loss_wc 0.9829013348 	loss_wf 0.9776075482 	loss_mse 0.0000000335 	loss_mape 0.0001934473 	loss 0.0000000335 	inference time 0.3852331638 	
wc 0.0000 	 0.0000 	 0.0000 	 0.0000 	 0.0000 	 0.0000 	 0.0000 	 0.0000 	 0.0000 	 0.0000 	 0.0000 	 0.0000 	 0.0000 	 0.0000 	 0.0000 	 0.0000 	 0.0000 	 0.0000 	 0.0000 	 0.0000 	 0.0000 	 0.0000 	 0.0000 	 0.0000 	 0.0000 	 0.0000 	 0.0000 	 0.0000 	 0.0000 	 0.0000 	 0.0000 	 0.0000 	 0.0000 	 0.9829 	 0.0000 	 0.0000 	 0.0000 	
wf 0.0000 	 -0.9776 	 0.0000 	 0.0000 	 0.0000 	 0.0000 	 0.0000 	 0.0000 	 0.0000 	 0.0000 	 0.0000 	 0.0000 	time: 0.3852s 	
-0.9776 * x^1 + 0.9829 * x_j/(x_j+1)
3 train	 	loss_wc 0.9761670828 	loss_wf 0.9847287536 	loss_mse 0.0000000945 	loss_mape 0.0002373862 	loss 0.0000000945 	inference time 0.3884162903 	
wc 0.0000 	 0.0000 	 0.0000 	 0.0000 	 0.0000 	 0.0000 	 0.0000 	 0.0000 	 0.0000 	 0.0000 	 0.0000 	 0.0000 	 0.0000 	 0.0000 	 0.0000 	 0.0000 	 0.0000 	 0.0000 	 0.0000 	 0.0000 	 0.0000 	 0.0000 	 0.0000 	 0.0000 	 0.0000 	 0.0000 	 0.0000 	 0.0000 	 0.0000 	 0.0000 	 0.0000 	 0.0000 	 0.0000 	 0.9762 	 0.0000 	 0.0000 	 0.0000 	
wf 0.0000 	 -0.9847 	 0.0000 	 0.0000 	 0.0000 	 0.0000 	 0.0000 	 0.0000 	 0.0000 	 0.0000 	 0.0000 	 0.0000 	time: 0.3884s 	
-0.9847 * x^1 + 0.9762 * x_j/(x_j+1)
4 train	 	loss_wc 0.9738271832 	loss_wf 0.9877622724 	loss_mse 0.0000002183 	loss_mape 0.0003923454 	loss 0.0000002183 	inference time 0.3881165981 	
wc 0.0000 	 0.0000 	 0.0000 	 0.0000 	 0.0000 	 0.0000 	 0.0000 	 0.0000 	 0.0000 	 0.0000 	 0.0000 	 0.0000 	 0.0000 	 0.0000 	 0.0000 	 0.0000 	 0.0000 	 0.0000 	 0.0000 	 0.0000 	 0.0000 	 0.0000 	 0.0000 	 0.0000 	 0.0000 	 0.0000 	 0.0000 	 0.0000 	 0.0000 	 0.0000 	 0.0000 	 0.0000 	 0.0000 	 0.9738 	 0.0000 	 0.0000 	 0.0000 	
wf 0.0000 	 -0.9878 	 0.0000 	 0.0000 	 0.0000 	 0.0000 	 0.0000 	 0.0000 	 0.0000 	 0.0000 	 0.0000 	 0.0000 	time: 0.3896s 	
-0.9878 * x^1 + 0.9738 * x_j/(x_j+1)
5 train	 	loss_wc 0.9753205776 	loss_wf 0.9869697690 	loss_mse 0.0000001574 	loss_mape 0.0003261273 	loss 0.0000001574 	inference time 0.3760948181 	
wc 0.0000 	 0.0000 	 0.0000 	 0.0000 	 0.0000 	 0.0000 	 0.0000 	 0.0000 	 0.0000 	 0.0000 	 0.0000 	 0.0000 	 0.0000 	 0.0000 	 0.0000 	 0.0000 	 0.0000 	 0.0000 	 0.0000 	 0.0000 	 0.0000 	 0.0000 	 0.0000 	 0.0000 	 0.0000 	 0.0000 	 0.0000 	 0.0000 	 0.0000 	 0.0000 	 0.0000 	 0.0000 	 0.0000 	 0.9753 	 0.0000 	 0.0000 	 0.0000 	
wf 0.0000 	 -0.9870 	 0.0000 	 0.0000 	 0.0000 	 0.0000 	 0.0000 	 0.0000 	 0.0000 	 0.0000 	 0.0000 	 0.0000 	time: 0.3774s 	
-0.9870 * x^1 + 0.9753 * x_j/(x_j+1)
6 train	 	loss_wc 0.9787501097 	loss_wf 0.9841929674 	loss_mse 0.0000000458 	loss_mape 0.0001511058 	loss 0.0000000458 	inference time 0.3687071800 	
wc 0.0000 	 0.0000 	 0.0000 	 0.0000 	 0.0000 	 0.0000 	 0.0000 	 0.0000 	 0.0000 	 0.0000 	 0.0000 	 0.0000 	 0.0000 	 0.0000 	 0.0000 	 0.0000 	 0.0000 	 0.0000 	 0.0000 	 0.0000 	 0.0000 	 0.0000 	 0.0000 	 0.0000 	 0.0000 	 0.0000 	 0.0000 	 0.0000 	 0.0000 	 0.0000 	 0.0000 	 0.0000 	 0.0000 	 0.9788 	 0.0000 	 0.0000 	 0.0000 	
wf 0.0000 	 -0.9842 	 0.0000 	 0.0000 	 0.0000 	 0.0000 	 0.0000 	 0.0000 	 0.0000 	 0.0000 	 0.0000 	 0.0000 	time: 0.3687s 	
-0.9842 * x^1 + 0.9788 * x_j/(x_j+1)
7 train	 	loss_wc 0.9827634096 	loss_wf 0.9808390141 	loss_mse 0.0000000117 	loss_mape 0.0000998721 	loss 0.0000000117 	inference time 0.3794074059 	
wc 0.0000 	 0.0000 	 0.0000 	 0.0000 	 0.0000 	 0.0000 	 0.0000 	 0.0000 	 0.0000 	 0.0000 	 0.0000 	 0.0000 	 0.0000 	 0.0000 	 0.0000 	 0.0000 	 0.0000 	 0.0000 	 0.0000 	 0.0000 	 0.0000 	 0.0000 	 0.0000 	 0.0000 	 0.0000 	 0.0000 	 0.0000 	 0.0000 	 0.0000 	 0.0000 	 0.0000 	 0.0000 	 0.0000 	 0.9828 	 0.0000 	 0.0000 	 0.0000 	
wf 0.0000 	 -0.9808 	 0.0000 	 0.0000 	 0.0000 	 0.0000 	 0.0000 	 0.0000 	 0.0000 	 0.0000 	 0.0000 	 0.0000 	time: 0.3794s 	
-0.9808 * x^1 + 0.9828 * x_j/(x_j+1)
8 train	 	loss_wc 0.9861292839 	loss_wf 0.9781855345 	loss_mse 0.0000000632 	loss_mape 0.0002613294 	loss 0.0000000632 	inference time 0.3818750381 	
wc 0.0000 	 0.0000 	 0.0000 	 0.0000 	 0.0000 	 0.0000 	 0.0000 	 0.0000 	 0.0000 	 0.0000 	 0.0000 	 0.0000 	 0.0000 	 0.0000 	 0.0000 	 0.0000 	 0.0000 	 0.0000 	 0.0000 	 0.0000 	 0.0000 	 0.0000 	 0.0000 	 0.0000 	 0.0000 	 0.0000 	 0.0000 	 0.0000 	 0.0000 	 0.0000 	 0.0000 	 0.0000 	 0.0000 	 0.9861 	 0.0000 	 0.0000 	 0.0000 	
wf 0.0000 	 -0.9782 	 0.0000 	 0.0000 	 0.0000 	 0.0000 	 0.0000 	 0.0000 	 0.0000 	 0.0000 	 0.0000 	 0.0000 	time: 0.3819s 	
-0.9782 * x^1 + 0.9861 * x_j/(x_j+1)
9 train	 	loss_wc 0.9879031181 	loss_wf 0.9771677852 	loss_mse 0.0000001112 	loss_mape 0.0003393804 	loss 0.0000001112 	inference time 0.3636827469 	
wc 0.0000 	 0.0000 	 0.0000 	 0.0000 	 0.0000 	 0.0000 	 0.0000 	 0.0000 	 0.0000 	 0.0000 	 0.0000 	 0.0000 	 0.0000 	 0.0000 	 0.0000 	 0.0000 	 0.0000 	 0.0000 	 0.0000 	 0.0000 	 0.0000 	 0.0000 	 0.0000 	 0.0000 	 0.0000 	 0.0000 	 0.0000 	 0.0000 	 0.0000 	 0.0000 	 0.0000 	 0.0000 	 0.0000 	 0.9879 	 0.0000 	 0.0000 	 0.0000 	
wf 0.0000 	 -0.9772 	 0.0000 	 0.0000 	 0.0000 	 0.0000 	 0.0000 	 0.0000 	 0.0000 	 0.0000 	 0.0000 	 0.0000 	time: 0.3637s 	
-0.9772 * x^1 + 0.9879 * x_j/(x_j+1)
-------------------------------- 
--------Testing----------------- 
-------------------------------- 
loss_wc 0.9827634096 	loss_wf 0.9808390141 	loss_mse 0.0000000117 	loss_mape 0.0000998712 	loss 0.0000000117 	inference time 0.4943833351 	
wc 0.0000 	 0.0000 	 0.0000 	 0.0000 	 0.0000 	 0.0000 	 0.0000 	 0.0000 	 0.0000 	 0.0000 	 0.0000 	 0.0000 	 0.0000 	 0.0000 	 0.0000 	 0.0000 	 0.0000 	 0.0000 	 0.0000 	 0.0000 	 0.0000 	 0.0000 	 0.0000 	 0.0000 	 0.0000 	 0.0000 	 0.0000 	 0.0000 	 0.0000 	 0.0000 	 0.0000 	 0.0000 	 0.0000 	 0.9828 	 0.0000 	 0.0000 	 0.0000 	
wf 0.0000 	 -0.9808 	 0.0000 	 0.0000 	 0.0000 	 0.0000 	 0.0000 	 0.0000 	 0.0000 	 0.0000 	 0.0000 	 0.0000 	
-0.9772 * x^1 + 0.9879 * x_j/(x_j+1)
