Namespace(seed=3, GPU_to_use=None, poly_p=4, poly_n=2, activate=True, teacher=5, epochs=10, batch_size=40, lam_c=1, lam_f=1, lam_s=1, lr=0.005, lr_decay=20, gamma=0.9, lasso_neighbor_num=100, lasso_node_num=10, num_workers=0, network='rgm', ode_model='Gene', time_stamp=1000, time_interval=0.01, num_atoms=1000, dims=1, save=True, decoder='DGSI', adjoint=True, agg='add', UseEdgeAttr=False, UseLasso=True, dont_use_encoder=True, lr_z=0.1, save_folder='logs', expername='', sym_save_folder='../logs', load_folder='', no_validate=False, no_cuda=False, var=0.001, invariant=True, test=True, device=device(type='cpu'), cuda=False, validate=True, use_encoder=False, time='2025-03-30T163055.378101', root='D:/QMcode/sign_all/SIGN_lasso_1d_lowrank/SIGN_data/Gene_1000_rgm_0.01_1000', num_GPU=None, batch_size_multiGPU=40, log_path='logs\\2025-03-30T163055.378101')
0 train	 	loss_wc 0.9800022244 	loss_wf 0.9801142812 	loss_mse 0.0006642832 	loss_mape 0.0008132521 	loss 0.0006642832 	inference time 1.0882894993 	
wc 0.0000 	 0.0000 	 0.0000 	 0.0000 	 0.0000 	 0.0000 	 0.0000 	 0.0000 	 0.0000 	 0.0000 	 0.0000 	 0.0000 	 0.0000 	 0.0000 	 0.0000 	 0.0000 	 0.0000 	 0.0000 	 0.0000 	 0.0000 	 0.0000 	 0.0000 	 0.0000 	 0.0000 	 0.0000 	 0.0000 	 0.0000 	 0.0000 	 0.0000 	 0.0000 	 0.0000 	 0.0000 	 0.0000 	 0.9800 	 0.0000 	 0.0000 	 0.0000 	
wf -0.0001 	 -0.9800 	 0.0000 	 0.0000 	 0.0000 	 0.0000 	 0.0000 	 0.0000 	 0.0000 	 0.0000 	 0.0000 	 0.0000 	time: 1.0883s 	
-0.0001 * 1 + -0.9800 * x^1 + 0.9800 * x_j/(x_j+1)
1 train	 	loss_wc 0.9900022745 	loss_wf 0.9701020122 	loss_mse 0.0044852481 	loss_mape 0.0011961141 	loss 0.0044852481 	inference time 1.1727797985 	
wc 0.0000 	 0.0000 	 0.0000 	 0.0000 	 0.0000 	 0.0000 	 0.0000 	 0.0000 	 0.0000 	 0.0000 	 0.0000 	 0.0000 	 0.0000 	 0.0000 	 0.0000 	 0.0000 	 0.0000 	 0.0000 	 0.0000 	 0.0000 	 0.0000 	 0.0000 	 0.0000 	 0.0000 	 0.0000 	 0.0000 	 0.0000 	 0.0000 	 0.0000 	 0.0000 	 0.0000 	 0.0000 	 0.0000 	 0.9900 	 0.0000 	 0.0000 	 0.0000 	
wf -0.0001 	 -0.9700 	 0.0000 	 0.0000 	 0.0000 	 0.0000 	 0.0000 	 0.0000 	 0.0000 	 0.0000 	 0.0000 	 0.0000 	time: 1.1728s 	
-0.0001 * 1 + -0.9700 * x^1 + 0.9900 * x_j/(x_j+1)
2 train	 	loss_wc 0.9832839370 	loss_wf 0.9772158265 	loss_mse 0.0008879263 	loss_mape 0.0008836804 	loss 0.0008879263 	inference time 0.9969582558 	
wc 0.0000 	 0.0000 	 0.0000 	 0.0000 	 0.0000 	 0.0000 	 0.0000 	 0.0000 	 0.0000 	 0.0000 	 0.0000 	 0.0000 	 0.0000 	 0.0000 	 0.0000 	 0.0000 	 0.0000 	 0.0000 	 0.0000 	 0.0000 	 0.0000 	 0.0000 	 0.0000 	 0.0000 	 0.0000 	 0.0000 	 0.0000 	 0.0000 	 0.0000 	 0.0000 	 0.0000 	 0.0000 	 0.0000 	 0.9833 	 0.0000 	 0.0000 	 0.0000 	
wf -0.0001 	 -0.9771 	 0.0000 	 0.0000 	 0.0000 	 0.0000 	 0.0000 	 0.0000 	 0.0000 	 0.0000 	 0.0000 	 0.0000 	time: 0.9970s 	
-0.9771 * x^1 + 0.9833 * x_j/(x_j+1)
3 train	 	loss_wc 0.9767581820 	loss_wf 0.9842153788 	loss_mse 0.0014876698 	loss_mape 0.0010718150 	loss 0.0014876698 	inference time 0.9434936047 	
wc 0.0000 	 0.0000 	 0.0000 	 0.0000 	 0.0000 	 0.0000 	 0.0000 	 0.0000 	 0.0000 	 0.0000 	 0.0000 	 0.0000 	 0.0000 	 0.0000 	 0.0000 	 0.0000 	 0.0000 	 0.0000 	 0.0000 	 0.0000 	 0.0000 	 0.0000 	 0.0000 	 0.0000 	 0.0000 	 0.0000 	 0.0000 	 0.0000 	 0.0000 	 0.0000 	 0.0000 	 0.0000 	 0.0000 	 0.9768 	 0.0000 	 0.0000 	 0.0000 	
wf -0.0001 	 -0.9841 	 0.0000 	 0.0000 	 0.0000 	 0.0000 	 0.0000 	 0.0000 	 0.0000 	 0.0000 	 0.0000 	 0.0000 	time: 0.9435s 	
-0.9841 * x^1 + 0.9768 * x_j/(x_j+1)
4 train	 	loss_wc 0.9745210409 	loss_wf 0.9872816801 	loss_mse 0.0028191055 	loss_mape 0.0012567146 	loss 0.0028191055 	inference time 0.9249410629 	
wc 0.0000 	 0.0000 	 0.0000 	 0.0000 	 0.0000 	 0.0000 	 0.0000 	 0.0000 	 0.0000 	 0.0000 	 0.0000 	 0.0000 	 0.0000 	 0.0000 	 0.0000 	 0.0000 	 0.0000 	 0.0000 	 0.0000 	 0.0000 	 0.0000 	 0.0000 	 0.0000 	 0.0000 	 0.0000 	 0.0000 	 0.0000 	 0.0000 	 0.0000 	 0.0000 	 0.0000 	 0.0000 	 0.0000 	 0.9745 	 0.0000 	 0.0000 	 0.0000 	
wf -0.0001 	 -0.9872 	 0.0000 	 0.0000 	 0.0000 	 0.0000 	 0.0000 	 0.0000 	 0.0000 	 0.0000 	 0.0000 	 0.0000 	time: 0.9249s 	
-0.9872 * x^1 + 0.9745 * x_j/(x_j+1)
5 train	 	loss_wc 0.9760763049 	loss_wf 0.9865665436 	loss_mse 0.0021497940 	loss_mape 0.0011701041 	loss 0.0021497940 	inference time 0.9654121399 	
wc 0.0000 	 0.0000 	 0.0000 	 0.0000 	 0.0000 	 0.0000 	 0.0000 	 0.0000 	 0.0000 	 0.0000 	 0.0000 	 0.0000 	 0.0000 	 0.0000 	 0.0000 	 0.0000 	 0.0000 	 0.0000 	 0.0000 	 0.0000 	 0.0000 	 0.0000 	 0.0000 	 0.0000 	 0.0000 	 0.0000 	 0.0000 	 0.0000 	 0.0000 	 0.0000 	 0.0000 	 0.0000 	 0.0000 	 0.9761 	 0.0000 	 0.0000 	 0.0000 	
wf -0.0001 	 -0.9865 	 0.0000 	 0.0000 	 0.0000 	 0.0000 	 0.0000 	 0.0000 	 0.0000 	 0.0000 	 0.0000 	 0.0000 	time: 0.9654s 	
-0.9865 * x^1 + 0.9761 * x_j/(x_j+1)
6 train	 	loss_wc 0.9795417190 	loss_wf 0.9838874936 	loss_mse 0.0009506369 	loss_mape 0.0009449733 	loss 0.0009506369 	inference time 1.3277051449 	
wc 0.0000 	 0.0000 	 0.0000 	 0.0000 	 0.0000 	 0.0000 	 0.0000 	 0.0000 	 0.0000 	 0.0000 	 0.0000 	 0.0000 	 0.0000 	 0.0000 	 0.0000 	 0.0000 	 0.0000 	 0.0000 	 0.0000 	 0.0000 	 0.0000 	 0.0000 	 0.0000 	 0.0000 	 0.0000 	 0.0000 	 0.0000 	 0.0000 	 0.0000 	 0.0000 	 0.0000 	 0.0000 	 0.0000 	 0.9795 	 0.0000 	 0.0000 	 0.0000 	
wf -0.0001 	 -0.9838 	 0.0000 	 0.0000 	 0.0000 	 0.0000 	 0.0000 	 0.0000 	 0.0000 	 0.0000 	 0.0000 	 0.0000 	time: 1.3277s 	
-0.9838 * x^1 + 0.9795 * x_j/(x_j+1)
7 train	 	loss_wc 0.9835549593 	loss_wf 0.9806739688 	loss_mse 0.0006268932 	loss_mape 0.0008102259 	loss 0.0006268932 	inference time 1.1037771702 	
wc 0.0000 	 0.0000 	 0.0000 	 0.0000 	 0.0000 	 0.0000 	 0.0000 	 0.0000 	 0.0000 	 0.0000 	 0.0000 	 0.0000 	 0.0000 	 0.0000 	 0.0000 	 0.0000 	 0.0000 	 0.0000 	 0.0000 	 0.0000 	 0.0000 	 0.0000 	 0.0000 	 0.0000 	 0.0000 	 0.0000 	 0.0000 	 0.0000 	 0.0000 	 0.0000 	 0.0000 	 0.0000 	 0.0000 	 0.9836 	 0.0000 	 0.0000 	 0.0000 	
wf -0.0001 	 -0.9806 	 0.0000 	 0.0000 	 0.0000 	 0.0000 	 0.0000 	 0.0000 	 0.0000 	 0.0000 	 0.0000 	 0.0000 	time: 1.1038s 	
-0.9806 * x^1 + 0.9836 * x_j/(x_j+1)
8 train	 	loss_wc 0.9868676066 	loss_wf 0.9782298207 	loss_mse 0.0012070842 	loss_mape 0.0009106013 	loss 0.0012070842 	inference time 1.1117749214 	
wc 0.0000 	 0.0000 	 0.0000 	 0.0000 	 0.0000 	 0.0000 	 0.0000 	 0.0000 	 0.0000 	 0.0000 	 0.0000 	 0.0000 	 0.0000 	 0.0000 	 0.0000 	 0.0000 	 0.0000 	 0.0000 	 0.0000 	 0.0000 	 0.0000 	 0.0000 	 0.0000 	 0.0000 	 0.0000 	 0.0000 	 0.0000 	 0.0000 	 0.0000 	 0.0000 	 0.0000 	 0.0000 	 0.0000 	 0.9869 	 0.0000 	 0.0000 	 0.0000 	
wf -0.0000 	 -0.9782 	 0.0000 	 0.0000 	 0.0000 	 0.0000 	 0.0000 	 0.0000 	 0.0000 	 0.0000 	 0.0000 	 0.0000 	time: 1.1118s 	
-0.9782 * x^1 + 0.9869 * x_j/(x_j+1)
9 train	 	loss_wc 0.9885529876 	loss_wf 0.9774648547 	loss_mse 0.0016793553 	loss_mape 0.0009609947 	loss 0.0016793553 	inference time 1.5332725048 	
wc 0.0000 	 0.0000 	 0.0000 	 0.0000 	 0.0000 	 0.0000 	 0.0000 	 0.0000 	 0.0000 	 0.0000 	 0.0000 	 0.0000 	 0.0000 	 0.0000 	 0.0000 	 0.0000 	 0.0000 	 0.0000 	 0.0000 	 0.0000 	 0.0000 	 0.0000 	 0.0000 	 0.0000 	 0.0000 	 0.0000 	 0.0000 	 0.0000 	 0.0000 	 0.0000 	 0.0000 	 0.0000 	 0.0000 	 0.9886 	 0.0000 	 0.0000 	 0.0000 	
wf -0.0000 	 -0.9774 	 0.0000 	 0.0000 	 0.0000 	 0.0000 	 0.0000 	 0.0000 	 0.0000 	 0.0000 	 0.0000 	 0.0000 	time: 1.5333s 	
-0.9774 * x^1 + 0.9886 * x_j/(x_j+1)
-------------------------------- 
--------Testing----------------- 
-------------------------------- 
loss_wc 0.9835549593 	loss_wf 0.9806593060 	loss_mse 0.0006268962 	loss_mape 0.0008102264 	loss 0.0006268962 	inference time 1.6897504330 	
wc 0.0000 	 0.0000 	 0.0000 	 0.0000 	 0.0000 	 0.0000 	 0.0000 	 0.0000 	 0.0000 	 0.0000 	 0.0000 	 0.0000 	 0.0000 	 0.0000 	 0.0000 	 0.0000 	 0.0000 	 0.0000 	 0.0000 	 0.0000 	 0.0000 	 0.0000 	 0.0000 	 0.0000 	 0.0000 	 0.0000 	 0.0000 	 0.0000 	 0.0000 	 0.0000 	 0.0000 	 0.0000 	 0.0000 	 0.9836 	 0.0000 	 0.0000 	 0.0000 	
wf -0.0000 	 -0.9806 	 0.0000 	 0.0000 	 0.0000 	 0.0000 	 0.0000 	 0.0000 	 0.0000 	 0.0000 	 0.0000 	 0.0000 	
-0.9774 * x^1 + 0.9886 * x_j/(x_j+1)
